{
 "cells": [
  {
   "cell_type": "markdown",
   "id": "3317be84",
   "metadata": {},
   "source": [
    "                                    \n",
    "                                        Zadanie 1: Zrozumienie Tensorów w PyTorch\n",
    "    \n",
    "                                Utwórz Tensor w PyTorch i wykonaj na nim podstawowe operacje.\n",
    "                               "
   ]
  },
  {
   "cell_type": "code",
   "execution_count": 1,
   "id": "7049c046",
   "metadata": {},
   "outputs": [],
   "source": [
    "import torch\n",
    "import numpy as np"
   ]
  },
  {
   "cell_type": "markdown",
   "id": "f4445788",
   "metadata": {},
   "source": []
  },
  {
   "cell_type": "markdown",
   "id": "41b8044e",
   "metadata": {},
   "source": [
    "                                              Inicjlizacja Tensora:"
   ]
  },
  {
   "cell_type": "markdown",
   "id": "14691bba",
   "metadata": {},
   "source": []
  },
  {
   "cell_type": "code",
   "execution_count": 2,
   "id": "db3d4cc4",
   "metadata": {},
   "outputs": [
    {
     "name": "stdout",
     "output_type": "stream",
     "text": [
      "tensor([[1, 2],\n",
      "        [3, 4]])\n"
     ]
    }
   ],
   "source": [
    "# bezpośrednio z danych:\n",
    "\n",
    "data = [[1, 2], [3, 4]]\n",
    "x_data = torch.tensor(data)\n",
    "\n",
    "print(x_data)\n"
   ]
  },
  {
   "cell_type": "code",
   "execution_count": 3,
   "id": "dae412ef",
   "metadata": {},
   "outputs": [
    {
     "name": "stdout",
     "output_type": "stream",
     "text": [
      "tensor([[1, 2],\n",
      "        [3, 4]], dtype=torch.int32)\n"
     ]
    }
   ],
   "source": [
    "# z tablicy NumPy:\n",
    "\n",
    "np_array = np.array(data)\n",
    "x_np = torch.from_numpy(np_array)\n",
    "\n",
    "print(x_np)\n"
   ]
  },
  {
   "cell_type": "code",
   "execution_count": 4,
   "id": "60f8f0b5",
   "metadata": {},
   "outputs": [
    {
     "name": "stdout",
     "output_type": "stream",
     "text": [
      "Ones Tensor: \n",
      " tensor([[1, 1],\n",
      "        [1, 1]]) \n",
      "\n",
      "Random Tensor: \n",
      " tensor([[0.3773, 0.5085],\n",
      "        [0.0448, 0.5444]]) \n",
      "\n"
     ]
    }
   ],
   "source": [
    "# z innego Tensora:\n",
    "\n",
    "x_ones = torch.ones_like(x_data)\n",
    "print(f\"Ones Tensor: \\n {x_ones} \\n\")\n",
    "\n",
    "x_rand = torch.rand_like(x_data, dtype=torch.float)\n",
    "print(f\"Random Tensor: \\n {x_rand} \\n\")\n"
   ]
  },
  {
   "cell_type": "code",
   "execution_count": 5,
   "id": "2e3208e2",
   "metadata": {},
   "outputs": [
    {
     "name": "stdout",
     "output_type": "stream",
     "text": [
      "Random Tensor: \n",
      " tensor([[0.3735, 0.1930, 0.1528],\n",
      "        [0.0161, 0.7791, 0.2167]]) \n",
      "\n",
      "Ones Tensor: \n",
      " tensor([[1., 1., 1.],\n",
      "        [1., 1., 1.]]) \n",
      "\n",
      "Zeros Tensor: \n",
      " tensor([[0., 0., 0.],\n",
      "        [0., 0., 0.]]) \n",
      "\n"
     ]
    }
   ],
   "source": [
    "# ze stałą lub losową wartością:\n",
    "\n",
    "shape = (2, 3)\n",
    "rand_tensor = torch.rand(shape)\n",
    "ones_tensor = torch.ones(shape)\n",
    "zeros_tensor = torch.zeros(shape)\n",
    "\n",
    "print(f\"Random Tensor: \\n {rand_tensor} \\n\")\n",
    "print(f\"Ones Tensor: \\n {ones_tensor} \\n\")\n",
    "print(f\"Zeros Tensor: \\n {zeros_tensor} \\n\")\n"
   ]
  },
  {
   "cell_type": "code",
   "execution_count": 6,
   "id": "84e4d9a1",
   "metadata": {},
   "outputs": [
    {
     "name": "stdout",
     "output_type": "stream",
     "text": [
      "<class 'torch.Tensor'>\n",
      "tensor([[9.0346e-08, 1.9969e-42, 0.0000e+00, 0.0000e+00],\n",
      "        [0.0000e+00, 0.0000e+00, 0.0000e+00, 0.0000e+00],\n",
      "        [0.0000e+00, 0.0000e+00, 0.0000e+00, 0.0000e+00],\n",
      "        [0.0000e+00, 0.0000e+00, 0.0000e+00, 0.0000e+00]])\n",
      "torch.Size([4, 4])\n"
     ]
    }
   ],
   "source": [
    "# z 'torch.empty()':\n",
    "\n",
    "tensor1 = torch.empty(4, 4)\n",
    "print(type(tensor1))\n",
    "print(tensor1)\n",
    "print(tensor1.shape)"
   ]
  },
  {
   "cell_type": "code",
   "execution_count": 7,
   "id": "98dc8c06",
   "metadata": {},
   "outputs": [
    {
     "name": "stdout",
     "output_type": "stream",
     "text": [
      "tensor([[1, 2, 3],\n",
      "        [4, 5, 6]]) torch.int64 \n",
      "\n",
      "tensor([[ 7,  8,  9],\n",
      "        [10, 11, 12]]) torch.int64\n"
     ]
    }
   ],
   "source": [
    "# 'torch.tensor()' - tworzy kopię danych:\n",
    "\n",
    "tensor2 = torch.tensor([(1, 2, 3), (4, 5, 6)])\n",
    "tensor3 = torch.tensor(((7, 8, 9), (10, 11, 12)))\n",
    "\n",
    "print(tensor2, f\"{tensor2.dtype} \\n\")\n",
    "print(tensor3, f\"{tensor3.dtype}\")"
   ]
  },
  {
   "cell_type": "code",
   "execution_count": 8,
   "id": "eafa67b0",
   "metadata": {},
   "outputs": [
    {
     "name": "stdout",
     "output_type": "stream",
     "text": [
      "tensor([[0.8762, 0.2048, 0.2620, 0.7591],\n",
      "        [0.0289, 0.4857, 0.8529, 0.6104],\n",
      "        [0.5997, 0.9522, 0.4178, 0.0194]])\n",
      "Shape of tensor: torch.Size([3, 4])\n",
      "Datatype of tensor: torch.float32\n",
      "Device tensor is stored on: cpu\n"
     ]
    }
   ],
   "source": [
    "# Cechy Tensora:\n",
    "\n",
    "tensor = torch.rand(3, 4)\n",
    "\n",
    "print(tensor)\n",
    "print(f\"Shape of tensor: {tensor.shape}\")\n",
    "print(f\"Datatype of tensor: {tensor.dtype}\")\n",
    "print(f\"Device tensor is stored on: {tensor.device}\")\n"
   ]
  },
  {
   "cell_type": "markdown",
   "id": "7aaf6ee4",
   "metadata": {},
   "source": []
  },
  {
   "cell_type": "markdown",
   "id": "4b0e536d",
   "metadata": {},
   "source": [
    "                                            Operacje na Tensorach:"
   ]
  },
  {
   "cell_type": "markdown",
   "id": "a8e3f432",
   "metadata": {},
   "source": []
  },
  {
   "cell_type": "code",
   "execution_count": 9,
   "id": "4ffe40bc",
   "metadata": {},
   "outputs": [
    {
     "name": "stdout",
     "output_type": "stream",
     "text": [
      "Error\n"
     ]
    }
   ],
   "source": [
    "if torch.cuda.is_available():\n",
    "   tensor = tensor.to(\"cuda\")\n",
    "else: \n",
    "    print(\"Error\")\n",
    "    \n",
    "# Wymagana krata graficzna NVIDIA"
   ]
  },
  {
   "cell_type": "code",
   "execution_count": 10,
   "id": "4c8c3730",
   "metadata": {},
   "outputs": [
    {
     "name": "stdout",
     "output_type": "stream",
     "text": [
      "t1: tensor([[0.4067, 0.9293, 0.0650, 0.1007, 0.5981],\n",
      "        [0.0348, 0.2323, 0.2788, 0.8900, 0.0800],\n",
      "        [0.4553, 0.5827, 0.1434, 0.0470, 0.6565],\n",
      "        [0.1282, 0.7706, 0.6452, 0.1978, 0.0400],\n",
      "        [0.9319, 0.5712, 0.6151, 0.2834, 0.4591]]) \n",
      "\n",
      "t2: tensor([[0.0255, 0.6088, 0.3985, 0.5167, 0.6750],\n",
      "        [0.0958, 0.8219, 0.3089, 0.6495, 0.8331],\n",
      "        [0.2625, 0.8364, 0.2783, 0.9790, 0.5592],\n",
      "        [0.0562, 0.7387, 0.7087, 0.8250, 0.6075],\n",
      "        [0.2841, 0.6626, 0.3475, 0.1819, 0.1886]])\n"
     ]
    }
   ],
   "source": [
    "shape = (5, 5)\n",
    "\n",
    "t1 = torch.rand(shape)\n",
    "print(f\"t1: {t1} \\n\")\n",
    "\n",
    "t2 = torch.rand(shape)\n",
    "print(f\"t2: {t2}\")\n"
   ]
  },
  {
   "cell_type": "code",
   "execution_count": 11,
   "id": "c8b4e3ae",
   "metadata": {},
   "outputs": [
    {
     "name": "stdout",
     "output_type": "stream",
     "text": [
      "tensor([[0.4322, 1.5380, 0.4635, 0.6174, 1.2731],\n",
      "        [0.1306, 1.0542, 0.5877, 1.5395, 0.9131],\n",
      "        [0.7179, 1.4192, 0.4217, 1.0260, 1.2157],\n",
      "        [0.1845, 1.5093, 1.3540, 1.0228, 0.6474],\n",
      "        [1.2160, 1.2337, 0.9626, 0.4652, 0.6477]]) \n",
      "\n",
      "tensor([[0.4322, 1.5380, 0.4635, 0.6174, 1.2731],\n",
      "        [0.1306, 1.0542, 0.5877, 1.5395, 0.9131],\n",
      "        [0.7179, 1.4192, 0.4217, 1.0260, 1.2157],\n",
      "        [0.1845, 1.5093, 1.3540, 1.0228, 0.6474],\n",
      "        [1.2160, 1.2337, 0.9626, 0.4652, 0.6477]])\n"
     ]
    }
   ],
   "source": [
    "# Dodawanie:\n",
    "\n",
    "t3 = t1.add(t2)\n",
    "print(f\"{t3} \\n\")\n",
    "\n",
    "t3a = t1 + t2\n",
    "print(t3a)\n"
   ]
  },
  {
   "cell_type": "code",
   "execution_count": 12,
   "id": "c737688e",
   "metadata": {},
   "outputs": [
    {
     "data": {
      "text/plain": [
       "tensor([[-0.3812, -0.3205,  0.3335,  0.4160,  0.0769],\n",
       "        [ 0.0611,  0.5896,  0.0301, -0.2404,  0.7531],\n",
       "        [-0.1928,  0.2537,  0.1350,  0.9320, -0.0973],\n",
       "        [-0.0720, -0.0319,  0.0635,  0.6273,  0.5675],\n",
       "        [-0.6478,  0.0914, -0.2675, -0.1015, -0.2704]])"
      ]
     },
     "execution_count": 12,
     "metadata": {},
     "output_type": "execute_result"
    }
   ],
   "source": [
    "# Odejmowanie:\n",
    "\n",
    "t4 = t2.sub(t1)\n",
    "t4"
   ]
  },
  {
   "cell_type": "code",
   "execution_count": 13,
   "id": "cdda84bb",
   "metadata": {},
   "outputs": [
    {
     "name": "stdout",
     "output_type": "stream",
     "text": [
      "tensor([[0.0104, 0.5657, 0.0259, 0.0520, 0.4037],\n",
      "        [0.0033, 0.1909, 0.0861, 0.5780, 0.0666],\n",
      "        [0.1195, 0.4874, 0.0399, 0.0461, 0.3671],\n",
      "        [0.0072, 0.5693, 0.4573, 0.1632, 0.0243],\n",
      "        [0.2647, 0.3784, 0.2138, 0.0515, 0.0866]]) \n",
      "\n",
      "tensor([[1.2200, 2.7879, 0.1950, 0.3022, 1.7943],\n",
      "        [0.1043, 0.6969, 0.8364, 2.6699, 0.2400],\n",
      "        [1.3660, 1.7482, 0.4301, 0.1411, 1.9695],\n",
      "        [0.3847, 2.3118, 1.9356, 0.5933, 0.1199],\n",
      "        [2.7956, 1.7135, 1.8452, 0.8502, 1.3773]])\n"
     ]
    }
   ],
   "source": [
    "# Mnożenie:\n",
    "\n",
    "t5 = t1.mul(t2)\n",
    "print(f\"{t5} \\n\")\n",
    "\n",
    "# Broadcasting:\n",
    "\n",
    "t5a = t1 * (torch.ones(1, 5) * 3)\n",
    "print(t5a)\n"
   ]
  },
  {
   "cell_type": "code",
   "execution_count": 14,
   "id": "dd8234bd",
   "metadata": {},
   "outputs": [
    {
     "data": {
      "text/plain": [
       "tensor([[15.9651,  1.5265,  0.1631,  0.1949,  0.8861],\n",
       "        [ 0.3628,  0.2826,  0.9025,  1.3702,  0.0960],\n",
       "        [ 1.7345,  0.6967,  0.5151,  0.0481,  1.1740],\n",
       "        [ 2.2797,  1.0431,  0.9104,  0.2397,  0.0658],\n",
       "        [ 3.2801,  0.8620,  1.7697,  1.5583,  2.4335]])"
      ]
     },
     "execution_count": 14,
     "metadata": {},
     "output_type": "execute_result"
    }
   ],
   "source": [
    "# Dzielenie:\n",
    "\n",
    "t6 = t1.div(t2)\n",
    "t6"
   ]
  },
  {
   "cell_type": "code",
   "execution_count": 15,
   "id": "39232d27",
   "metadata": {},
   "outputs": [
    {
     "data": {
      "text/plain": [
       "tensor(1.6144)"
      ]
     },
     "execution_count": 15,
     "metadata": {},
     "output_type": "execute_result"
    }
   ],
   "source": [
    "# Średnia:\n",
    "\n",
    "t7 = t6.mean()\n",
    "t7"
   ]
  },
  {
   "cell_type": "code",
   "execution_count": 16,
   "id": "edd8a833",
   "metadata": {},
   "outputs": [
    {
     "data": {
      "text/plain": [
       "tensor(0.9025)"
      ]
     },
     "execution_count": 16,
     "metadata": {},
     "output_type": "execute_result"
    }
   ],
   "source": [
    "# Mediana:\n",
    "\n",
    "t8 = t6.median()\n",
    "t8"
   ]
  },
  {
   "cell_type": "code",
   "execution_count": 17,
   "id": "960f027a",
   "metadata": {},
   "outputs": [
    {
     "data": {
      "text/plain": [
       "tensor(17.2127)"
      ]
     },
     "execution_count": 17,
     "metadata": {},
     "output_type": "execute_result"
    }
   ],
   "source": [
    "# Normalizacja:\n",
    "\n",
    "t9 = t6.norm()\n",
    "t9"
   ]
  },
  {
   "cell_type": "code",
   "execution_count": 18,
   "id": "681a6692",
   "metadata": {},
   "outputs": [
    {
     "data": {
      "text/plain": [
       "tensor([15.9651,  1.5265,  0.1631,  0.1949,  0.8861,  0.3628,  0.2826,  0.9025,\n",
       "         1.3702,  0.0960,  1.7345,  0.6967,  0.5151,  0.0481,  1.1740,  2.2797,\n",
       "         1.0431,  0.9104,  0.2397,  0.0658,  3.2801,  0.8620,  1.7697,  1.5583,\n",
       "         2.4335])"
      ]
     },
     "execution_count": 18,
     "metadata": {},
     "output_type": "execute_result"
    }
   ],
   "source": [
    "# \"Wypłaszczenie\":\n",
    "\n",
    "t10 = t6.flatten()\n",
    "t10"
   ]
  },
  {
   "cell_type": "code",
   "execution_count": 19,
   "id": "f9449ff2",
   "metadata": {},
   "outputs": [
    {
     "data": {
      "text/plain": [
       "torch.return_types.histogram(\n",
       "hist=tensor([5., 3., 1., 0., 1., 4., 1., 1., 1., 2., 2., 0., 0., 0., 2., 0., 0., 0.,\n",
       "        0., 0., 1., 0., 0., 0., 0., 0., 0., 0., 0., 0., 0., 0., 0., 0., 0., 0.,\n",
       "        0., 0., 0., 0., 0., 0., 0., 0., 0., 0., 0., 0., 0., 0., 0., 0., 0., 0.,\n",
       "        0., 0., 0., 0., 0., 0., 0., 0., 0., 0., 0., 0., 0., 0., 0., 0., 0., 0.,\n",
       "        0., 0., 0., 0., 0., 0., 0., 0., 0., 0., 0., 0., 0., 0., 0., 0., 0., 0.,\n",
       "        0., 0., 0., 0., 0., 0., 0., 0., 0., 1.]),\n",
       "bin_edges=tensor([ 0.0481,  0.2072,  0.3664,  0.5256,  0.6847,  0.8439,  1.0031,  1.1623,\n",
       "         1.3214,  1.4806,  1.6398,  1.7989,  1.9581,  2.1173,  2.2764,  2.4356,\n",
       "         2.5948,  2.7540,  2.9131,  3.0723,  3.2315,  3.3906,  3.5498,  3.7090,\n",
       "         3.8681,  4.0273,  4.1865,  4.3457,  4.5048,  4.6640,  4.8232,  4.9823,\n",
       "         5.1415,  5.3007,  5.4599,  5.6190,  5.7782,  5.9374,  6.0965,  6.2557,\n",
       "         6.4149,  6.5740,  6.7332,  6.8924,  7.0516,  7.2107,  7.3699,  7.5291,\n",
       "         7.6882,  7.8474,  8.0066,  8.1657,  8.3249,  8.4841,  8.6433,  8.8024,\n",
       "         8.9616,  9.1208,  9.2799,  9.4391,  9.5983,  9.7575,  9.9166, 10.0758,\n",
       "        10.2350, 10.3941, 10.5533, 10.7125, 10.8716, 11.0308, 11.1900, 11.3492,\n",
       "        11.5083, 11.6675, 11.8267, 11.9858, 12.1450, 12.3042, 12.4634, 12.6225,\n",
       "        12.7817, 12.9409, 13.1000, 13.2592, 13.4184, 13.5775, 13.7367, 13.8959,\n",
       "        14.0551, 14.2142, 14.3734, 14.5326, 14.6917, 14.8509, 15.0101, 15.1692,\n",
       "        15.3284, 15.4876, 15.6468, 15.8059, 15.9651]))"
      ]
     },
     "execution_count": 19,
     "metadata": {},
     "output_type": "execute_result"
    }
   ],
   "source": [
    "t11 = t6.histogram()\n",
    "t11"
   ]
  },
  {
   "cell_type": "code",
   "execution_count": 20,
   "id": "46f3d89d",
   "metadata": {},
   "outputs": [
    {
     "data": {
      "text/plain": [
       "tensor([[0.1654, 0.8636, 0.0042, 0.0101, 0.3577],\n",
       "        [0.0012, 0.0540, 0.0777, 0.7920, 0.0064],\n",
       "        [0.2073, 0.3396, 0.0206, 0.0022, 0.4310],\n",
       "        [0.0164, 0.5938, 0.4163, 0.0391, 0.0016],\n",
       "        [0.8684, 0.3262, 0.3783, 0.0803, 0.2108]])"
      ]
     },
     "execution_count": 20,
     "metadata": {},
     "output_type": "execute_result"
    }
   ],
   "source": [
    "# Do kwadratu..:\n",
    "\n",
    "t12 = t1.square()\n",
    "t12"
   ]
  },
  {
   "cell_type": "code",
   "execution_count": 21,
   "id": "7aaad5db",
   "metadata": {},
   "outputs": [
    {
     "name": "stdout",
     "output_type": "stream",
     "text": [
      "tensor([0.0012, 0.0016, 0.0022, 0.0042, 0.0064, 0.0101, 0.0164, 0.0206, 0.0391,\n",
      "        0.0540, 0.0777, 0.0803, 0.1654, 0.2073, 0.2108, 0.3262, 0.3396, 0.3577,\n",
      "        0.3783, 0.4163, 0.4310, 0.5938, 0.7920, 0.8636, 0.8684])\n"
     ]
    }
   ],
   "source": [
    "# Wartości unikalne:\n",
    "\n",
    "print(t12.unique())"
   ]
  },
  {
   "cell_type": "code",
   "execution_count": 22,
   "id": "1bc8cdb5",
   "metadata": {},
   "outputs": [
    {
     "name": "stdout",
     "output_type": "stream",
     "text": [
      "tensor(6.2643)\n"
     ]
    }
   ],
   "source": [
    "print(t12.sum())"
   ]
  },
  {
   "cell_type": "code",
   "execution_count": 24,
   "id": "841b95fc",
   "metadata": {},
   "outputs": [
    {
     "name": "stdout",
     "output_type": "stream",
     "text": [
      "tensor(0.0012)\n"
     ]
    }
   ],
   "source": [
    "print(t12.min())"
   ]
  },
  {
   "cell_type": "code",
   "execution_count": 25,
   "id": "e9d713f2",
   "metadata": {},
   "outputs": [
    {
     "name": "stdout",
     "output_type": "stream",
     "text": [
      "tensor(0.8684)\n"
     ]
    }
   ],
   "source": [
    "print(t12.max())"
   ]
  },
  {
   "cell_type": "markdown",
   "id": "9526a4d4",
   "metadata": {},
   "source": []
  },
  {
   "cell_type": "markdown",
   "id": "bca9e0a0",
   "metadata": {},
   "source": [
    "                                                     Slicing (\"wycinanki\":)):"
   ]
  },
  {
   "cell_type": "markdown",
   "id": "942ed8a8",
   "metadata": {},
   "source": []
  },
  {
   "cell_type": "code",
   "execution_count": 26,
   "id": "17506522",
   "metadata": {},
   "outputs": [
    {
     "data": {
      "text/plain": [
       "tensor([[0.4067, 0.9293, 0.0650, 0.1007, 0.5981],\n",
       "        [0.0348, 0.2323, 0.2788, 0.8900, 0.0800],\n",
       "        [0.4553, 0.5827, 0.1434, 0.0470, 0.6565],\n",
       "        [0.1282, 0.7706, 0.6452, 0.1978, 0.0400],\n",
       "        [0.9319, 0.5712, 0.6151, 0.2834, 0.4591]])"
      ]
     },
     "execution_count": 26,
     "metadata": {},
     "output_type": "execute_result"
    }
   ],
   "source": [
    "t1"
   ]
  },
  {
   "cell_type": "code",
   "execution_count": 27,
   "id": "22f51d29",
   "metadata": {},
   "outputs": [
    {
     "name": "stdout",
     "output_type": "stream",
     "text": [
      "Pierwszy rząd: tensor([0.4067, 0.9293, 0.0650, 0.1007, 0.5981])\n"
     ]
    }
   ],
   "source": [
    "print(f\"Pierwszy rząd: {t1[0]}\")"
   ]
  },
  {
   "cell_type": "code",
   "execution_count": 28,
   "id": "4a351d19",
   "metadata": {},
   "outputs": [
    {
     "name": "stdout",
     "output_type": "stream",
     "text": [
      "Pierwsza kolumna: tensor([0.4067, 0.0348, 0.4553, 0.1282, 0.9319])\n"
     ]
    }
   ],
   "source": [
    "print(f\"Pierwsza kolumna: {t1[:, 0]}\")"
   ]
  },
  {
   "cell_type": "code",
   "execution_count": 29,
   "id": "db10f380",
   "metadata": {},
   "outputs": [
    {
     "data": {
      "text/plain": [
       "tensor([[0.4067, 0.9293, 0.0650, 0.1007, 0.5981],\n",
       "        [0.0348, 0.2323, 0.2788, 0.8900, 0.0800],\n",
       "        [0.4553, 0.5827, 0.1434, 0.0470, 0.6565],\n",
       "        [0.1282, 0.7706, 0.6452, 0.1978, 0.0400],\n",
       "        [0.9319, 0.5712, 0.6151, 0.2834, 0.4591]])"
      ]
     },
     "execution_count": 29,
     "metadata": {},
     "output_type": "execute_result"
    }
   ],
   "source": [
    "t1a = t1\n",
    "t1a"
   ]
  },
  {
   "cell_type": "code",
   "execution_count": 30,
   "id": "182f5e1a",
   "metadata": {},
   "outputs": [
    {
     "data": {
      "text/plain": [
       "tensor([[0.4067, 0.9293, 0.0650, 0.1007, 0.5981],\n",
       "        [0.0348, 0.2323, 0.2788, 0.8900, 0.0800],\n",
       "        [0.4553, 0.5827, 0.1434, 0.0470, 0.6565],\n",
       "        [0.1282, 0.7706, 0.6452, 0.1978, 0.0400],\n",
       "        [0.9319, 0.5712, 0.6151, 0.2834, 0.4591]])"
      ]
     },
     "execution_count": 30,
     "metadata": {},
     "output_type": "execute_result"
    }
   ],
   "source": [
    "t1"
   ]
  },
  {
   "cell_type": "code",
   "execution_count": 31,
   "id": "3576e560",
   "metadata": {},
   "outputs": [
    {
     "data": {
      "text/plain": [
       "tensor([[True, True, True, True, True],\n",
       "        [True, True, True, True, True],\n",
       "        [True, True, True, True, True],\n",
       "        [True, True, True, True, True],\n",
       "        [True, True, True, True, True]])"
      ]
     },
     "execution_count": 31,
     "metadata": {},
     "output_type": "execute_result"
    }
   ],
   "source": [
    "t1a == t1"
   ]
  },
  {
   "cell_type": "code",
   "execution_count": 32,
   "id": "1a8e5818",
   "metadata": {},
   "outputs": [
    {
     "data": {
      "text/plain": [
       "tensor([[0.4067, 0.9293, 5.0000, 0.1007, 0.5981],\n",
       "        [0.0348, 0.2323, 5.0000, 0.8900, 0.0800],\n",
       "        [0.4553, 0.5827, 5.0000, 0.0470, 0.6565],\n",
       "        [0.1282, 0.7706, 5.0000, 0.1978, 0.0400],\n",
       "        [0.9319, 0.5712, 5.0000, 0.2834, 0.4591]])"
      ]
     },
     "execution_count": 32,
     "metadata": {},
     "output_type": "execute_result"
    }
   ],
   "source": [
    "t1a[:, 2] = 5\n",
    "t1a"
   ]
  },
  {
   "cell_type": "code",
   "execution_count": 33,
   "id": "51d3ce05",
   "metadata": {},
   "outputs": [
    {
     "data": {
      "text/plain": [
       "tensor([[0.4067, 0.9293, 5.0000, 0.1007, 0.5981],\n",
       "        [0.0348, 0.2323, 5.0000, 0.8900, 0.0800],\n",
       "        [0.4553, 0.5827, 5.0000, 0.0470, 0.6565],\n",
       "        [0.1282, 0.7706, 5.0000, 0.1978, 0.0400],\n",
       "        [0.9319, 0.5712, 5.0000, 0.2834, 0.4591]])"
      ]
     },
     "execution_count": 33,
     "metadata": {},
     "output_type": "execute_result"
    }
   ],
   "source": [
    "t1"
   ]
  },
  {
   "cell_type": "markdown",
   "id": "92336aea",
   "metadata": {},
   "source": []
  },
  {
   "cell_type": "markdown",
   "id": "8dad6206",
   "metadata": {},
   "source": [
    "                                                  Łączenie:"
   ]
  },
  {
   "cell_type": "markdown",
   "id": "097c8c8b",
   "metadata": {},
   "source": []
  },
  {
   "cell_type": "code",
   "execution_count": 34,
   "id": "978deacf",
   "metadata": {},
   "outputs": [
    {
     "data": {
      "text/plain": [
       "tensor([[ 2.5473e-02,  6.0876e-01,  3.9854e-01,  5.1670e-01,  6.7499e-01],\n",
       "        [ 9.5824e-02,  8.2188e-01,  3.0889e-01,  6.4951e-01,  8.3313e-01],\n",
       "        [ 2.6252e-01,  8.3642e-01,  2.7833e-01,  9.7900e-01,  5.5921e-01],\n",
       "        [ 5.6247e-02,  7.3874e-01,  7.0874e-01,  8.2503e-01,  6.0746e-01],\n",
       "        [ 2.8410e-01,  6.6257e-01,  3.4755e-01,  1.8186e-01,  1.8865e-01],\n",
       "        [ 4.3215e-01,  1.5380e+00,  4.6353e-01,  6.1742e-01,  1.2731e+00],\n",
       "        [ 1.3059e-01,  1.0542e+00,  5.8767e-01,  1.5395e+00,  9.1312e-01],\n",
       "        [ 7.1787e-01,  1.4192e+00,  4.2168e-01,  1.0260e+00,  1.2157e+00],\n",
       "        [ 1.8448e-01,  1.5093e+00,  1.3540e+00,  1.0228e+00,  6.4742e-01],\n",
       "        [ 1.2160e+00,  1.2337e+00,  9.6260e-01,  4.6524e-01,  6.4774e-01],\n",
       "        [-3.8121e-01, -3.2053e-01,  3.3354e-01,  4.1597e-01,  7.6891e-02],\n",
       "        [ 6.1059e-02,  5.8960e-01,  3.0101e-02, -2.4045e-01,  7.5313e-01],\n",
       "        [-1.9282e-01,  2.5368e-01,  1.3497e-01,  9.3195e-01, -9.7294e-02],\n",
       "        [-7.1982e-02, -3.1872e-02,  6.3529e-02,  6.2726e-01,  5.6750e-01],\n",
       "        [-6.4776e-01,  9.1420e-02, -2.6750e-01, -1.0153e-01, -2.7044e-01],\n",
       "        [ 1.0359e-02,  5.6571e-01,  2.5902e-02,  5.2044e-02,  4.0371e-01],\n",
       "        [ 3.3312e-03,  1.9091e-01,  8.6114e-02,  5.7803e-01,  6.6644e-02],\n",
       "        [ 1.1954e-01,  4.8742e-01,  3.9900e-02,  4.6060e-02,  3.6712e-01],\n",
       "        [ 7.2125e-03,  5.6928e-01,  4.5729e-01,  1.6317e-01,  2.4275e-02],\n",
       "        [ 2.6474e-01,  3.7843e-01,  2.1376e-01,  5.1536e-02,  8.6606e-02],\n",
       "        [ 1.5965e+01,  1.5265e+00,  1.6308e-01,  1.9494e-01,  8.8609e-01],\n",
       "        [ 3.6279e-01,  2.8263e-01,  9.0255e-01,  1.3702e+00,  9.6015e-02],\n",
       "        [ 1.7345e+00,  6.9671e-01,  5.1505e-01,  4.8057e-02,  1.1740e+00],\n",
       "        [ 2.2797e+00,  1.0431e+00,  9.1036e-01,  2.3972e-01,  6.5783e-02],\n",
       "        [ 3.2801e+00,  8.6202e-01,  1.7697e+00,  1.5583e+00,  2.4335e+00]])"
      ]
     },
     "execution_count": 34,
     "metadata": {},
     "output_type": "execute_result"
    }
   ],
   "source": [
    "t13 = torch.cat([t2, t3, t4, t5, t6], dim=0)\n",
    "t13"
   ]
  },
  {
   "cell_type": "code",
   "execution_count": 35,
   "id": "4071af38",
   "metadata": {},
   "outputs": [
    {
     "data": {
      "text/plain": [
       "tensor([[ 2.5473e-02,  6.0876e-01,  3.9854e-01,  5.1670e-01,  6.7499e-01,\n",
       "          4.3215e-01,  1.5380e+00,  4.6353e-01,  6.1742e-01,  1.2731e+00,\n",
       "         -3.8121e-01, -3.2053e-01,  3.3354e-01,  4.1597e-01,  7.6891e-02,\n",
       "          1.0359e-02,  5.6571e-01,  2.5902e-02,  5.2044e-02,  4.0371e-01,\n",
       "          1.5965e+01,  1.5265e+00,  1.6308e-01,  1.9494e-01,  8.8609e-01],\n",
       "        [ 9.5824e-02,  8.2188e-01,  3.0889e-01,  6.4951e-01,  8.3313e-01,\n",
       "          1.3059e-01,  1.0542e+00,  5.8767e-01,  1.5395e+00,  9.1312e-01,\n",
       "          6.1059e-02,  5.8960e-01,  3.0101e-02, -2.4045e-01,  7.5313e-01,\n",
       "          3.3312e-03,  1.9091e-01,  8.6114e-02,  5.7803e-01,  6.6644e-02,\n",
       "          3.6279e-01,  2.8263e-01,  9.0255e-01,  1.3702e+00,  9.6015e-02],\n",
       "        [ 2.6252e-01,  8.3642e-01,  2.7833e-01,  9.7900e-01,  5.5921e-01,\n",
       "          7.1787e-01,  1.4192e+00,  4.2168e-01,  1.0260e+00,  1.2157e+00,\n",
       "         -1.9282e-01,  2.5368e-01,  1.3497e-01,  9.3195e-01, -9.7294e-02,\n",
       "          1.1954e-01,  4.8742e-01,  3.9900e-02,  4.6060e-02,  3.6712e-01,\n",
       "          1.7345e+00,  6.9671e-01,  5.1505e-01,  4.8057e-02,  1.1740e+00],\n",
       "        [ 5.6247e-02,  7.3874e-01,  7.0874e-01,  8.2503e-01,  6.0746e-01,\n",
       "          1.8448e-01,  1.5093e+00,  1.3540e+00,  1.0228e+00,  6.4742e-01,\n",
       "         -7.1982e-02, -3.1872e-02,  6.3529e-02,  6.2726e-01,  5.6750e-01,\n",
       "          7.2125e-03,  5.6928e-01,  4.5729e-01,  1.6317e-01,  2.4275e-02,\n",
       "          2.2797e+00,  1.0431e+00,  9.1036e-01,  2.3972e-01,  6.5783e-02],\n",
       "        [ 2.8410e-01,  6.6257e-01,  3.4755e-01,  1.8186e-01,  1.8865e-01,\n",
       "          1.2160e+00,  1.2337e+00,  9.6260e-01,  4.6524e-01,  6.4774e-01,\n",
       "         -6.4776e-01,  9.1420e-02, -2.6750e-01, -1.0153e-01, -2.7044e-01,\n",
       "          2.6474e-01,  3.7843e-01,  2.1376e-01,  5.1536e-02,  8.6606e-02,\n",
       "          3.2801e+00,  8.6202e-01,  1.7697e+00,  1.5583e+00,  2.4335e+00]])"
      ]
     },
     "execution_count": 35,
     "metadata": {},
     "output_type": "execute_result"
    }
   ],
   "source": [
    "t13 = torch.cat([t2, t3, t4, t5, t6], dim=1)\n",
    "t13"
   ]
  },
  {
   "cell_type": "code",
   "execution_count": 36,
   "id": "815ecb84",
   "metadata": {},
   "outputs": [
    {
     "data": {
      "text/plain": [
       "tensor([[ 2.5473e-02,  9.5824e-02,  2.6252e-01,  5.6247e-02,  2.8410e-01],\n",
       "        [ 6.0876e-01,  8.2188e-01,  8.3642e-01,  7.3874e-01,  6.6257e-01],\n",
       "        [ 3.9854e-01,  3.0889e-01,  2.7833e-01,  7.0874e-01,  3.4755e-01],\n",
       "        [ 5.1670e-01,  6.4951e-01,  9.7900e-01,  8.2503e-01,  1.8186e-01],\n",
       "        [ 6.7499e-01,  8.3313e-01,  5.5921e-01,  6.0746e-01,  1.8865e-01],\n",
       "        [ 4.3215e-01,  1.3059e-01,  7.1787e-01,  1.8448e-01,  1.2160e+00],\n",
       "        [ 1.5380e+00,  1.0542e+00,  1.4192e+00,  1.5093e+00,  1.2337e+00],\n",
       "        [ 4.6353e-01,  5.8767e-01,  4.2168e-01,  1.3540e+00,  9.6260e-01],\n",
       "        [ 6.1742e-01,  1.5395e+00,  1.0260e+00,  1.0228e+00,  4.6524e-01],\n",
       "        [ 1.2731e+00,  9.1312e-01,  1.2157e+00,  6.4742e-01,  6.4774e-01],\n",
       "        [-3.8121e-01,  6.1059e-02, -1.9282e-01, -7.1982e-02, -6.4776e-01],\n",
       "        [-3.2053e-01,  5.8960e-01,  2.5368e-01, -3.1872e-02,  9.1420e-02],\n",
       "        [ 3.3354e-01,  3.0101e-02,  1.3497e-01,  6.3529e-02, -2.6750e-01],\n",
       "        [ 4.1597e-01, -2.4045e-01,  9.3195e-01,  6.2726e-01, -1.0153e-01],\n",
       "        [ 7.6891e-02,  7.5313e-01, -9.7294e-02,  5.6750e-01, -2.7044e-01],\n",
       "        [ 1.0359e-02,  3.3312e-03,  1.1954e-01,  7.2125e-03,  2.6474e-01],\n",
       "        [ 5.6571e-01,  1.9091e-01,  4.8742e-01,  5.6928e-01,  3.7843e-01],\n",
       "        [ 2.5902e-02,  8.6114e-02,  3.9900e-02,  4.5729e-01,  2.1376e-01],\n",
       "        [ 5.2044e-02,  5.7803e-01,  4.6060e-02,  1.6317e-01,  5.1536e-02],\n",
       "        [ 4.0371e-01,  6.6644e-02,  3.6712e-01,  2.4275e-02,  8.6606e-02],\n",
       "        [ 1.5965e+01,  3.6279e-01,  1.7345e+00,  2.2797e+00,  3.2801e+00],\n",
       "        [ 1.5265e+00,  2.8263e-01,  6.9671e-01,  1.0431e+00,  8.6202e-01],\n",
       "        [ 1.6308e-01,  9.0255e-01,  5.1505e-01,  9.1036e-01,  1.7697e+00],\n",
       "        [ 1.9494e-01,  1.3702e+00,  4.8057e-02,  2.3972e-01,  1.5583e+00],\n",
       "        [ 8.8609e-01,  9.6015e-02,  1.1740e+00,  6.5783e-02,  2.4335e+00]])"
      ]
     },
     "execution_count": 36,
     "metadata": {},
     "output_type": "execute_result"
    }
   ],
   "source": [
    "# Transpozycja t13:\n",
    "\n",
    "t14 = t13.T\n",
    "t14"
   ]
  },
  {
   "cell_type": "code",
   "execution_count": 37,
   "id": "88969b21",
   "metadata": {},
   "outputs": [
    {
     "data": {
      "text/plain": [
       "tensor(6.2643)"
      ]
     },
     "execution_count": 37,
     "metadata": {},
     "output_type": "execute_result"
    }
   ],
   "source": [
    "t15 = t12.sum()\n",
    "t15"
   ]
  },
  {
   "cell_type": "code",
   "execution_count": 38,
   "id": "a1f396d6",
   "metadata": {},
   "outputs": [
    {
     "data": {
      "text/plain": [
       "torch.Size([])"
      ]
     },
     "execution_count": 38,
     "metadata": {},
     "output_type": "execute_result"
    }
   ],
   "source": [
    "t15.shape"
   ]
  },
  {
   "cell_type": "code",
   "execution_count": 39,
   "id": "92cbcf75",
   "metadata": {},
   "outputs": [
    {
     "name": "stdout",
     "output_type": "stream",
     "text": [
      "6.264276504516602 <class 'float'>\n"
     ]
    }
   ],
   "source": [
    "# Konwersja 1-elementowego tensora t15 (skalar) do \"python'owej\" wartości numerycznej:\n",
    "\n",
    "t15_item = t15.item()\n",
    "print(t15_item, type(t15_item))\n"
   ]
  },
  {
   "cell_type": "code",
   "execution_count": 40,
   "id": "f23a70e6",
   "metadata": {},
   "outputs": [
    {
     "name": "stdout",
     "output_type": "stream",
     "text": [
      "tensor([[ 2.5473e-02,  9.5824e-02,  2.6252e-01,  5.6247e-02,  2.8410e-01],\n",
      "        [ 6.0876e-01,  8.2188e-01,  8.3642e-01,  7.3874e-01,  6.6257e-01],\n",
      "        [ 3.9854e-01,  3.0889e-01,  2.7833e-01,  7.0874e-01,  3.4755e-01],\n",
      "        [ 5.1670e-01,  6.4951e-01,  9.7900e-01,  8.2503e-01,  1.8186e-01],\n",
      "        [ 6.7499e-01,  8.3313e-01,  5.5921e-01,  6.0746e-01,  1.8865e-01],\n",
      "        [ 4.3215e-01,  1.3059e-01,  7.1787e-01,  1.8448e-01,  1.2160e+00],\n",
      "        [ 1.5380e+00,  1.0542e+00,  1.4192e+00,  1.5093e+00,  1.2337e+00],\n",
      "        [ 4.6353e-01,  5.8767e-01,  4.2168e-01,  1.3540e+00,  9.6260e-01],\n",
      "        [ 6.1742e-01,  1.5395e+00,  1.0260e+00,  1.0228e+00,  4.6524e-01],\n",
      "        [ 1.2731e+00,  9.1312e-01,  1.2157e+00,  6.4742e-01,  6.4774e-01],\n",
      "        [-3.8121e-01,  6.1059e-02, -1.9282e-01, -7.1982e-02, -6.4776e-01],\n",
      "        [-3.2053e-01,  5.8960e-01,  2.5368e-01, -3.1872e-02,  9.1420e-02],\n",
      "        [ 3.3354e-01,  3.0101e-02,  1.3497e-01,  6.3529e-02, -2.6750e-01],\n",
      "        [ 4.1597e-01, -2.4045e-01,  9.3195e-01,  6.2726e-01, -1.0153e-01],\n",
      "        [ 7.6891e-02,  7.5313e-01, -9.7294e-02,  5.6750e-01, -2.7044e-01],\n",
      "        [ 1.0359e-02,  3.3312e-03,  1.1954e-01,  7.2125e-03,  2.6474e-01],\n",
      "        [ 5.6571e-01,  1.9091e-01,  4.8742e-01,  5.6928e-01,  3.7843e-01],\n",
      "        [ 2.5902e-02,  8.6114e-02,  3.9900e-02,  4.5729e-01,  2.1376e-01],\n",
      "        [ 5.2044e-02,  5.7803e-01,  4.6060e-02,  1.6317e-01,  5.1536e-02],\n",
      "        [ 4.0371e-01,  6.6644e-02,  3.6712e-01,  2.4275e-02,  8.6606e-02],\n",
      "        [ 1.5965e+01,  3.6279e-01,  1.7345e+00,  2.2797e+00,  3.2801e+00],\n",
      "        [ 1.5265e+00,  2.8263e-01,  6.9671e-01,  1.0431e+00,  8.6202e-01],\n",
      "        [ 1.6308e-01,  9.0255e-01,  5.1505e-01,  9.1036e-01,  1.7697e+00],\n",
      "        [ 1.9494e-01,  1.3702e+00,  4.8057e-02,  2.3972e-01,  1.5583e+00],\n",
      "        [ 8.8609e-01,  9.6015e-02,  1.1740e+00,  6.5783e-02,  2.4335e+00]]) \n",
      "\n",
      "tensor([[ 5.0255,  5.0958,  5.2625,  5.0562,  5.2841],\n",
      "        [ 5.6088,  5.8219,  5.8364,  5.7387,  5.6626],\n",
      "        [ 5.3985,  5.3089,  5.2783,  5.7087,  5.3475],\n",
      "        [ 5.5167,  5.6495,  5.9790,  5.8250,  5.1819],\n",
      "        [ 5.6750,  5.8331,  5.5592,  5.6075,  5.1886],\n",
      "        [ 5.4322,  5.1306,  5.7179,  5.1845,  6.2160],\n",
      "        [ 6.5380,  6.0542,  6.4192,  6.5093,  6.2337],\n",
      "        [ 5.4635,  5.5877,  5.4217,  6.3540,  5.9626],\n",
      "        [ 5.6174,  6.5395,  6.0260,  6.0228,  5.4652],\n",
      "        [ 6.2731,  5.9131,  6.2157,  5.6474,  5.6477],\n",
      "        [ 4.6188,  5.0611,  4.8072,  4.9280,  4.3522],\n",
      "        [ 4.6795,  5.5896,  5.2537,  4.9681,  5.0914],\n",
      "        [ 5.3335,  5.0301,  5.1350,  5.0635,  4.7325],\n",
      "        [ 5.4160,  4.7596,  5.9320,  5.6273,  4.8985],\n",
      "        [ 5.0769,  5.7531,  4.9027,  5.5675,  4.7296],\n",
      "        [ 5.0104,  5.0033,  5.1195,  5.0072,  5.2647],\n",
      "        [ 5.5657,  5.1909,  5.4874,  5.5693,  5.3784],\n",
      "        [ 5.0259,  5.0861,  5.0399,  5.4573,  5.2138],\n",
      "        [ 5.0520,  5.5780,  5.0461,  5.1632,  5.0515],\n",
      "        [ 5.4037,  5.0666,  5.3671,  5.0243,  5.0866],\n",
      "        [20.9651,  5.3628,  6.7345,  7.2797,  8.2801],\n",
      "        [ 6.5265,  5.2826,  5.6967,  6.0431,  5.8620],\n",
      "        [ 5.1631,  5.9025,  5.5151,  5.9104,  6.7697],\n",
      "        [ 5.1949,  6.3702,  5.0481,  5.2397,  6.5583],\n",
      "        [ 5.8861,  5.0960,  6.1740,  5.0658,  7.4335]])\n"
     ]
    }
   ],
   "source": [
    "print(f\"{t14} \\n\")\n",
    "t14.add_(5)\n",
    "print(t14)"
   ]
  },
  {
   "cell_type": "markdown",
   "id": "eaf8befa",
   "metadata": {},
   "source": []
  },
  {
   "cell_type": "markdown",
   "id": "5beb9a3d",
   "metadata": {},
   "source": [
    "                                          Tensor -> NumPy array:"
   ]
  },
  {
   "cell_type": "markdown",
   "id": "a1352a2a",
   "metadata": {},
   "source": []
  },
  {
   "cell_type": "code",
   "execution_count": 41,
   "id": "9336e27f",
   "metadata": {},
   "outputs": [
    {
     "data": {
      "text/plain": [
       "tensor([[ 5.0255,  5.0958,  5.2625,  5.0562,  5.2841],\n",
       "        [ 5.6088,  5.8219,  5.8364,  5.7387,  5.6626],\n",
       "        [ 5.3985,  5.3089,  5.2783,  5.7087,  5.3475],\n",
       "        [ 5.5167,  5.6495,  5.9790,  5.8250,  5.1819],\n",
       "        [ 5.6750,  5.8331,  5.5592,  5.6075,  5.1886],\n",
       "        [ 5.4322,  5.1306,  5.7179,  5.1845,  6.2160],\n",
       "        [ 6.5380,  6.0542,  6.4192,  6.5093,  6.2337],\n",
       "        [ 5.4635,  5.5877,  5.4217,  6.3540,  5.9626],\n",
       "        [ 5.6174,  6.5395,  6.0260,  6.0228,  5.4652],\n",
       "        [ 6.2731,  5.9131,  6.2157,  5.6474,  5.6477],\n",
       "        [ 4.6188,  5.0611,  4.8072,  4.9280,  4.3522],\n",
       "        [ 4.6795,  5.5896,  5.2537,  4.9681,  5.0914],\n",
       "        [ 5.3335,  5.0301,  5.1350,  5.0635,  4.7325],\n",
       "        [ 5.4160,  4.7596,  5.9320,  5.6273,  4.8985],\n",
       "        [ 5.0769,  5.7531,  4.9027,  5.5675,  4.7296],\n",
       "        [ 5.0104,  5.0033,  5.1195,  5.0072,  5.2647],\n",
       "        [ 5.5657,  5.1909,  5.4874,  5.5693,  5.3784],\n",
       "        [ 5.0259,  5.0861,  5.0399,  5.4573,  5.2138],\n",
       "        [ 5.0520,  5.5780,  5.0461,  5.1632,  5.0515],\n",
       "        [ 5.4037,  5.0666,  5.3671,  5.0243,  5.0866],\n",
       "        [20.9651,  5.3628,  6.7345,  7.2797,  8.2801],\n",
       "        [ 6.5265,  5.2826,  5.6967,  6.0431,  5.8620],\n",
       "        [ 5.1631,  5.9025,  5.5151,  5.9104,  6.7697],\n",
       "        [ 5.1949,  6.3702,  5.0481,  5.2397,  6.5583],\n",
       "        [ 5.8861,  5.0960,  6.1740,  5.0658,  7.4335]])"
      ]
     },
     "execution_count": 41,
     "metadata": {},
     "output_type": "execute_result"
    }
   ],
   "source": [
    "t14"
   ]
  },
  {
   "cell_type": "code",
   "execution_count": 42,
   "id": "d4e47e34",
   "metadata": {},
   "outputs": [
    {
     "name": "stdout",
     "output_type": "stream",
     "text": [
      "t16: [[ 5.025473   5.095824   5.2625237  5.056247   5.284098 ]\n",
      " [ 5.608755   5.8218813  5.8364177  5.7387385  5.662573 ]\n",
      " [ 5.3985376  5.3088875  5.278329   5.7087407  5.3475494]\n",
      " [ 5.5166984  5.6495075  5.979      5.8250284  5.181858 ]\n",
      " [ 5.6749887  5.833126   5.559209   5.607464   5.1886497]\n",
      " [ 5.432154   5.1305876  5.71787    5.184476   6.2159567]\n",
      " [ 6.538045   6.054167   6.41916    6.509349   6.233726 ]\n",
      " [ 5.4635305  5.587674   5.421683   6.3539515  5.9626026]\n",
      " [ 5.617422   6.539462   6.0260477  6.022801   5.465243 ]\n",
      " [ 6.2730865  5.913119   6.2157116  5.6474247  5.647735 ]\n",
      " [ 4.618792   5.0610595  4.8071775  4.928018   4.3522396]\n",
      " [ 4.679466   5.5895953  5.253676   4.968128   5.0914197]\n",
      " [ 5.3335443  5.0301013  5.134975   5.0635295  4.7324963]\n",
      " [ 5.4159746  4.759553   5.9319525  5.6272564  4.8984737]\n",
      " [ 5.076891   5.7531333  4.902706   5.5675035  4.729564 ]\n",
      " [ 5.0103593  5.003331   5.1195393  5.0072126  5.2647395]\n",
      " [ 5.56571    5.1909113  5.487416   5.5692797  5.3784304]\n",
      " [ 5.0259023  5.0861135  5.0399     5.4572873  5.2137613]\n",
      " [ 5.052044   5.578032   5.0460596  5.163168   5.0515356]\n",
      " [ 5.4037094  5.066644   5.367122   5.024275   5.0866065]\n",
      " [20.9651     5.3627934  6.7344956  7.2797394  8.280058 ]\n",
      " [ 6.5265403  5.282627   5.6967115  6.0431433  5.862023 ]\n",
      " [ 5.1630793  5.902549   5.515053   5.9103627  6.7696867]\n",
      " [ 5.1949368  6.3701987  5.048057   5.239716   6.5582705]\n",
      " [ 5.8860855  5.096015   6.173985   5.065783   7.433536 ]]\n"
     ]
    }
   ],
   "source": [
    "t16 = t14.numpy()\n",
    "print(f\"t16: {t16}\")"
   ]
  },
  {
   "cell_type": "code",
   "execution_count": 43,
   "id": "9b5a946b",
   "metadata": {},
   "outputs": [
    {
     "data": {
      "text/plain": [
       "tensor([[ 3.0255,  3.0958,  3.2625,  3.0562,  3.2841],\n",
       "        [ 3.6088,  3.8219,  3.8364,  3.7387,  3.6626],\n",
       "        [ 3.3985,  3.3089,  3.2783,  3.7087,  3.3475],\n",
       "        [ 3.5167,  3.6495,  3.9790,  3.8250,  3.1819],\n",
       "        [ 3.6750,  3.8331,  3.5592,  3.6075,  3.1886],\n",
       "        [ 3.4322,  3.1306,  3.7179,  3.1845,  4.2160],\n",
       "        [ 4.5380,  4.0542,  4.4192,  4.5093,  4.2337],\n",
       "        [ 3.4635,  3.5877,  3.4217,  4.3540,  3.9626],\n",
       "        [ 3.6174,  4.5395,  4.0260,  4.0228,  3.4652],\n",
       "        [ 4.2731,  3.9131,  4.2157,  3.6474,  3.6477],\n",
       "        [ 2.6188,  3.0611,  2.8072,  2.9280,  2.3522],\n",
